1010 4 4
00 2 3
01 2 4
100 3 6
1011 4 8
11010 5 10
111000 6 12
1111000 7 14
1111110110 10 18
1111111110000010 16 25
1111111110000011 16 26
1100 4 5
111001 6 8
1111001 7 10
111110110 9 13
11111110110 11 16
1111111110000100 16 22
1111111110000101 16 23
1111111110000110 16 24
1111111110000111 16 25
1111111110001000 16 26
11011 5 6
11111000 8 10
1111110111 10 13
1111111110001001 16 20
1111111110001010 16 21
1111111110001011 16 22
1111111110001100 16 23
1111111110001101 16 24
1111111110001110 16 25
1111111110001111 16 26
111010 6 7
111110111 9 11
11111110111 11 14
1111111110010000 16 20
1111111110010001 16 21
1111111110010010 16 22
1111111110010011 16 23
1111111110010100 16 24
1111111110010101 16 25
1111111110010110 16 26
111011 6 7
1111111000 10 12
1111111110010111 16 19
1111111110011000 16 20
1111111110011001 16 21
1111111110011010 16 22
1111111110011011 16 23
1111111110011100 16 24
1111111110011101 16 25
1111111110011110 16 26
1111010 7 8
1111111001 10 12
1111111110011111 16 19
1111111110100000 16 20
1111111110100001 16 21
1111111110100010 16 22
1111111110100011 16 23
1111111110100100 16 24
1111111110100101 16 25
1111111110100110 16 26
1111011 7 8
11111111000 11 13
1111111110100111 16 19
1111111110101000 16 20
1111111110101001 16 21
1111111110101010 16 22
1111111110101011 16 23
1111111110101100 16 24
1111111110101101 16 25
1111111110101110 16 26
11111001 8 9
11111111001 11 13
1111111110101111 16 19
1111111110110000 16 20
1111111110110001 16 21
1111111110110010 16 22
1111111110110011 16 23
1111111110110100 16 24
1111111110110101 16 25
1111111110110110 16 26
11111010 8 9
111111111000000 15 17
1111111110110111 16 19
1111111110111000 16 20
1111111110111001 16 21
1111111110111010 16 22
1111111110111011 16 23
1111111110111100 16 24
1111111110111101 16 25
1111111110111110 16 26
111111000 9 10
1111111110111111 16 18
1111111111000000 16 19
1111111111000001 16 20
1111111111000010 16 21
1111111111000011 16 22
1111111111000100 16 23
1111111111000101 16 24
1111111111000110 16 25
1111111111000111 16 26
111111001 9 10
1111111111001000 16 18
1111111111001001 16 19
1111111111001010 16 20
1111111111001011 16 21
1111111111001100 16 22
1111111111001101 16 23
1111111111001110 16 24
1111111111001111 16 25
1111111111010000 16 26
111111010 9 10
1111111111010001 16 18
1111111111010010 16 19
1111111111010011 16 20
1111111111010100 16 21
1111111111010101 16 22
1111111111010110 16 23
1111111111010111 16 24
1111111111011000 16 25
1111111111011001 16 26
1111111010 10 11
1111111111011010 16 18
1111111111011011 16 19
1111111111011100 16 20
1111111111011101 16 21
1111111111011110 16 22
1111111111011111 16 23
1111111111100000 16 24
1111111111100001 16 25
1111111111100010 16 26
11111111010 11 12
1111111111100011 16 18
1111111111100100 16 19
1111111111100101 16 20
1111111111100110 16 21
1111111111100111 16 22
1111111111101000 16 23
1111111111101001 16 24
1111111111101010 16 25
1111111111101011 16 26
111111110110 12 13
1111111111101100 16 18
1111111111101101 16 19
1111111111101110 16 20
1111111111101111 16 21
1111111111110000 16 22
1111111111110001 16 23
1111111111110010 16 24
1111111111110011 16 25
1111111111110100 16 26
111111110111 12 12
1111111111110101 16 17
1111111111110110 16 18
1111111111110111 16 19
1111111111111000 16 20
1111111111111001 16 21
1111111111111010 16 22
1111111111111011 16 23
1111111111111100 16 24
1111111111111101 16 25
1111111111111110 16 26